kesai : [2.0,3.0,2.0,2.0,1.5,1.5,1.5]
M: [15, 10, 7.5, 7.5, 4.0, 3.0, 1.5]
K: [1, 1, 1, 1, 1, 1, 1]
F_joint_stop : [3.0, 5.0, 3.0, 3.0, 1.5, 1.0, 0.5]
a_sensor: [0.1338, 0.1338,0.07756,0.07724, 0.066,0.03057, 0.03057]
b_sensor: [0.0,-4.724,-2,-1.981, -3.8,-1.194, -1.0]
joint_K: [0.8, 0.6, 0.9, 0.8, 0.9, 1.0, 1.2]
ZeroOffset : [-0.9732, -1.71, 0.35952, 1.3,-0.22874, 0.60468, 0.64118]

# 碰撞检测
flag_collision_detection: true
joint_collisions: [4,15,7,12,4,4,2]
# mass : 2.413
mass : 2.0
mass_center : [-0.000018,0,0.068434]
