kesai : [3,5,3.0,2.0,2,2,2]
M: [8, 15, 6, 8, 3.0, 2.0, 1.5]
K: [1, 1, 1, 1, 1, 1, 1]
F_joint_stop : [3.0, 7.0, 3.0, 3.0, 1.5, 2.0, 1]

b_sensor: [0.0085824, 0.0091169, 0.013669, 0.014232, 0.013404,0.032910, 0.031803]
joint_K: [0.8, 0.6, 0.8, 0.8, 0.9, 1.0, 1.2]
ZeroOffset : [58,22,81,-14,2,192,24]

# 碰撞检测
flag_collision_detection: false
joint_collisions: [4,15,7,12,4,4,2]
# mass : 2.413
mass : 3.035
mass_center : [0.016,0,0.089]
